.Random.seed <-
c(403L, 294L, 1080662512L, 1218327412L, 71457493L, 1557532788L, 
1994465892L, -124411349L, 144143456L, 699914970L, -1348854124L, 
567397329L, 1840629341L, 1113594318L, 1701616745L, 1144690711L, 
1826240276L, -740903495L, 2040601114L, 1086147604L, -1289561355L, 
955525277L, 561489696L, -509610959L, -1336092642L, -1204244347L, 
1498251912L, -1315217619L, -1096897968L, -2056570869L, -306167663L, 
-1371610140L, 1375679746L, -254845825L, -196486093L, -936659438L, 
-1910247896L, 1887830334L, -1437298201L, 467745517L, 644261844L, 
272855921L, 2074800079L, -40256519L, 839981777L, -479320229L, 
-582723632L, 1332109422L, 1893690717L, -1291668071L, 673472106L, 
-93515962L, -2110770080L, 1877988185L, -376196626L, 42218864L, 
-784508009L, -1796664269L, 1738720L, 642163992L, 1721145490L, 
-1835735919L, 1305154658L, -1502278834L, -747999390L, 988829434L, 
-399840793L, -784931122L, -920610506L, 1039073522L, -1706009716L, 
-329797751L, 563167387L, 878882435L, 1509115991L, 2123429011L, 
-968880961L, -1155409484L, -907221550L, 1800987753L, -1045341172L, 
-1550581665L, 271269456L, 1237201839L, -1716185054L, 1803833290L, 
880207960L, 2048950654L, 942857145L, 456412216L, 974096415L, 
1550158449L, 1139911964L, -762740917L, -879217031L, -2074531658L, 
-1937595550L, 321859126L, 1851201905L, -45711137L, -1743173683L, 
198126096L, -395991031L, -1002414244L, -1900757518L, 1975255748L, 
-727499348L, -7960252L, 2042604883L, -842081490L, -106642529L, 
-1472163625L, 856533460L, -1164106594L, 1059155455L, 1521027819L, 
-2011107760L, -1490743842L, 2016749036L, 82316843L, -1461788615L, 
-1580088466L, -1186929246L, 823492114L, -853425156L, -1663137684L, 
1400921781L, -492900739L, 810046190L, 13042840L, 2127397140L, 
1419867178L, 1626701330L, 1197255121L, 1395986038L, 1095705120L, 
1842876884L, -2063494105L, 728918070L, 603543480L, -2100017954L, 
1292751643L, -774578790L, -452439164L, 953495788L, 2047768732L, 
-1487138165L, 1476157816L, -1223973577L, -665834401L, 1095715593L, 
232345935L, -1395961600L, 2057637551L, 1304956079L, -843238527L, 
-1848873352L, 1394328705L, -1860826702L, 949452066L, -468126684L, 
-1671839891L, 1349249658L, -1970850105L, 287828411L, -1911916736L, 
697123826L, 1506852820L, -1081937145L, 2095897936L, -1840897018L, 
582853730L, 809175796L, -827396575L, -1367233502L, -86888015L, 
1443483482L, 223079322L, -259206040L, 2140601040L, -2088405997L, 
-585305353L, 989509041L, -950029834L, 2004003243L, -1491901900L, 
-1270328548L, -1488708877L, -1280141265L, 1742923372L, -1887811369L, 
-1540295795L, 684589657L, -2041581678L, -1558678705L, 275002888L, 
-2063610681L, 256425989L, 695045197L, 1807509916L, -112052378L, 
-738288161L, -1812277455L, -2081868649L, -1256808003L, 226828399L, 
1972657423L, 2014194248L, 970054626L, 1355974030L, 1515573426L, 
-1896720587L, -1097105424L, 2112736080L, -744518810L, 271173519L, 
-1111937844L, -90041925L, -568293282L, -670404005L, 145418173L, 
-1783687547L, -752317357L, -364635583L, 543869074L, 440496158L, 
-299595680L, -488957346L, 97630253L, -1309225022L, 242859085L, 
-1161282544L, -605953452L, 977350027L, -1308737451L, 964663326L, 
381575525L, 1693889501L, 574639929L, 1159840921L, 1179119934L, 
684819202L, -447246683L, 456026398L, -390052664L, 937680874L, 
1245333651L, -1358278829L, -2079046044L, -412827426L, 1895571435L, 
1729823982L, 1354382308L, 50588610L, 137211697L, -186393074L, 
621487732L, -1389277248L, -1240684796L, 407688931L, 1539230917L, 
1574232126L, 1412664252L, 1985353463L, 1705340910L, -1017488295L, 
920836001L, 1213054799L, -970271226L, -1414090036L, 1116128764L, 
154711100L, 1259799093L, 131806179L, 1269543294L, 1627591617L, 
888949110L, 584222039L, -1449682502L, 1286362912L, -2095905606L, 
-1713850239L, -164122316L, 1491912670L, -2059454901L, -1191518826L, 
874259977L, -1934325693L, 941998455L, -482984775L, -946028895L, 
-1481392073L, -538747325L, 554804740L, -185048604L, 116691971L, 
1672614123L, -737736636L, -2053474178L, 89439967L, -425587536L, 
171901415L, -1197817354L, -2098599850L, -2218982L, -1726264197L, 
670896744L, 595593022L, 2137969714L, 1414893637L, -1030956976L, 
-393445716L, 336550887L, -879735506L, 1791901102L, 2115325753L, 
653610576L, -136341824L, 1383315922L, -748217841L, -384441833L, 
298388202L, -380707276L, -348835104L, -2072045673L, -653197887L, 
-1180965193L, -1491184510L, 1522116776L, 1117374793L, -174341395L, 
-1151625338L, 5106019L, -1193156327L, 963400608L, -97530080L, 
1543761571L, 721321490L, -1376658607L, -798030390L, 924646700L, 
-526972543L, -643615481L, 1814364628L, 642760681L, -1630073511L, 
1121815455L, 317198202L, -2026135018L, 1632688218L, 929586949L, 
504641888L, -546363657L, -2083813252L, -1768930021L, 22463642L, 
1043212640L, 461783127L, -1025882899L, 191038102L, -1559487589L, 
514427684L, 1598671616L, 1318541606L, 1472852367L, -1283401239L, 
1543792295L, -1600532308L, 1117286277L, 1477468455L, -388748394L, 
766494545L, -9831749L, 980952990L, -241040696L, 1302071919L, 
524165226L, -1828932040L, 2088665048L, 1618214049L, -2055688701L, 
1295068885L, 1877531232L, -232083359L, 484869126L, -1017355608L, 
-887409502L, -424831405L, -974631733L, 247525286L, 132698310L, 
459904260L, 16260901L, 191080823L, 161416622L, -2147027180L, 
78633084L, 191656646L, 1823057717L, 329625814L, -1367247157L, 
1022139506L, -1957178669L, -1025490923L, 1304300009L, 1933661829L, 
-106399830L, -2114395133L, 1820367749L, 65538639L, -326498111L, 
432105792L, 1171131869L, 485858332L, -353819738L, 618194376L, 
1943817423L, 1940599650L, -889394325L, -354697244L, 1856906734L, 
-603241612L, -1806946741L, 1463031379L, -985564338L, 33422095L, 
-1544631203L, -1184507698L, 619403051L, 304817260L, 962745758L, 
-975563211L, 1224339589L, -94893672L, 405612871L, -207835420L, 
-867544706L, 2089498280L, -1908031694L, 1898766431L, 875207923L, 
684578659L, 245014770L, 69878549L, 1990782957L, 431914669L, -732974357L, 
-290680375L, -594179493L, -269671062L, -526236116L, -2841024L, 
2131319843L, -1260144586L, -432614407L, 937432975L, -412192621L, 
585798026L, 1765852971L, -1848817058L, 235580644L, -546211310L, 
-1584273237L, 1697972359L, 1291397132L, 392597447L, -2090683511L, 
-1564241182L, -1498311951L, 668841775L, -2136222092L, -1673510678L, 
952734396L, -1716998153L, -2145422312L, -361759723L, 6742138L, 
169335338L, -768574345L, 1080235754L, -1809944020L, 45410632L, 
344744122L, -41892071L, -1250005390L, 1998892037L, 1651872329L, 
301769629L, -1888367322L, 122157411L, -954332070L, 222390728L, 
-1769562305L, -1802788998L, -1393100250L, -493543447L, 2095182254L, 
-508037238L, 1041237687L, 1749658933L, 27585424L, -1618753479L, 
1201137923L, -1390605131L, 76342799L, -2009385114L, 835510530L, 
-145293254L, 1485763093L, -1388868894L, -620893175L, -1154726974L, 
1480317731L, 859198241L, 1691759687L, 1779501660L, 17833684L, 
2115116635L, 751701073L, 477735528L, 2145300139L, 65640454L, 
-2088244816L, 235499810L, 849873925L, 1211929274L, -1978771140L, 
-1030905782L, -23527956L, 1096268905L, 754807475L, -943670109L, 
1045799032L, 1300481240L, 1054964173L, 909480330L, -1512757513L, 
1718436495L, -1797024317L, 1977869434L, 817913696L, 1821100297L, 
1780719803L, -1113262521L, -1974869273L, -588301458L, 1222725576L, 
-1705645982L, -1822272149L, -1103182075L, 431100068L, -857301604L, 
-788917949L, -216323596L, -1224093384L, 503298745L, -322274047L, 
1541481916L, 533424620L, 312360803L, 1366333225L, -1306545267L, 
754746898L, -1404295983L, -537587891L, 814121234L, 2052603550L, 
-1279952146L, -1642301858L, 1267753092L, 1081509035L, 672871474L, 
614835215L, 1385971426L, -1863256924L, 491399560L, -612266837L, 
-1609667650L, 280331555L, -343385394L, 586803402L, 62064644L, 
-1707430586L, 715716549L, 2013831066L, 360188988L, 1097502164L, 
1509163080L, -1195621973L, 1569218524L, 1487133585L, 1831940791L, 
56201430L, -1335840415L, -2073728850L, -394920035L, -434275963L, 
-929128901L, 1860833678L, -495691968L, 568581714L, 537235385L, 
-1794855105L, 1239827135L, -918254168L, 255082552L, 594464339L, 
